17767
9158
39017
18547
56401
23807
37962
22764
7977
31949
22714
55211
16882
7931
43491
57670
124
25282
2132
10232
8987
59880
52711
17293
3958
9562
63790
29283
49715
55199
50377
1946
64358
23858
20493
55223
47665
58456
12451
55642
24869
35165
45317
41751
43096
23273
33886
43220
48555
36018
53453
57542
30363
40628
9300
34321
50190
7554
63604
34369
62753
48445
36316
61575
6768
56809
51262
54433
49729
63713
44540
9063
33342
24321
50814
10903
47594
19164
54123
30614
55183
42040
22620
20010
17132
31920
54331
1787
39474
52399
36156
36692
35308
6936
32731
42076
63746
18458
30974
47939
16635
9978
57002
49978
34299
42281
60881
16358
61445
49468
46972
51092
25973
4056
5566
43105
35977
59897
44892
9915
46760
15513
46607
16533
22449
13803
58609
20659
32261
24047
3063
48896
34025
60065
33338
2789
36810
28683
19147
32720
12616
583
18276
38589
4639
23843
16158
40616
18204
61051
50532
64965
11028
31603
15962
33477
45406
9035
54137
12131
33083
57200
61028
1572
51729
28830
4361
23004
57514
23508
55724
4594
24091
8464
43183
28731
32307
59341
3811
50512
54856
54343
49941
348
20411
367
33826
281
9402
22427
12413
42485
14091
7905
44058
284
36735
48419
23288
28713
6392
13476
33307
30483
21941
10954
59214
54248
4760
63026
39224
59616
51833
23629
59965
6708
23996
28255
6990
33399
50682
19403
10348
64773
27308
54406
65057
64043
37290
22810
27221
43682
36286
60528
8629
58227
5947
2308
46940
10707
65334
20628
4787
51631
44258
64752
58340
2718
27471
65330
36117
12617
19197
46466
11854
46505
35336
11376
45012
7090
34186
6697
50772
4936
1690
59402
63164
7637
61710
44568
18344
61508
65196
23131
47603
43918
22348
40407
46637
49819
40201
17218
62437
59398
63684
8755
40367
33485
20131
19844
40575
54317
26541
25812
59254
28231
19678
56882
35868
15852
35914
54212
11824
35574
11808
59427
13957
34156
34299
60594
18439
8964
12276
15340
2827
10425
24096
43194
43910
44227
63038
18949
33009
24044
44761
26727
52275
64439
18073
22608
14755
53987
11284
26579
24025
23092
20471
37982
57248
54770
33040
10152
63734
45317
25492
1025
55742
49588
44220
34116
28280
41722
53065
61289
230
32291
22480
52506
31194
40553
9578
45950
29004
20862
6993
53029
43955
27464
25476
35667
16698
58516
45819
14897
38297
5776
15922
28503
55364
60142
62619
18108
36329
50149
13861
36559
16904
36341
23529
48098
11358
33107
28512
40362
53970
35506
27856
32389
62970
53332
2520
14133
46312
48340
29030
19074
54116
44952
47577
43944
39559
44661
62053
10352
29274
10378
46911
46178
46720
4905
28740
58078
38012
57253
32905
26446
27223
60761
58835
24657
48557
61356
38790
29333
44160
2284
48407
32740
47237
30449
11148
21260
9574
7665
31612
38848
18044
12987
19490
64764
17892
48230
57306
55905
39947
24675
16815
1634
19900
10115
26292
2921
5935
65082
32255
50095
1831
15126
17299
49068
45575
28447
4792
55149
36113
36404
28461
54157
49391
47951
53385
1748
30646
45155
57653
5057
4295
8932
6692
24195
19047
32984
27117
24982
32530
59372
9541
34361
8962
26840
17893
54538
55288
22685
44151
25865
59089
7077
14486
42945
55028
2335
44693
20138
47490
36810
25196
51785
45742
31888
10445
64790
64872
37562
24236
31866
31398
33778
692
40360
60618
18585
29362
50370
41271
7978
10699
34824
15055
25185
12233
4547
27520
56926
24686
9475
28200
49882
61260
8407
16234
6169
7661
15570
43731
31897
47436
9593
139
48128
49954
60758
1178
13780
45592
42449
21758
56292
11737
36813
15941
23971
41361
43462
15361
511
52937
43562
50393
48661
51969
1091
54831
59630
16661
33026
25991
64097
42620
26131
46690
27038
21353
47868
40818
1409
24781
62577
57701
36518
33854
8107
60489
9679
51569
10315
10190
38970
53877
60583
22095
40310
61674
11390
34404
12799
44417
60395
11361
21501
20990
58051
48539
42343
40383
23821
43753
65164
20862
35918
36146
54717
44025
31100
64396
30058
41415
9051
3492
29756
4098
25588
4530
237
36978
38934
13036
15859
33793
24397
37360
54784
16912
20363
31591
57295
44185
9808
56923
65047
45727
27534
54228
24216
58634
53089
54275
34513
62140
57767
64269
702
17819
3263
939
54798
42197
13976
5121
10454
38373
42482
65238
55286
62845
31294
47045
41494
41102
38433
41006
21293
431
29698
45510
59065
17251
34249
28042
13855
26480
26775
14558
44300
30038
15497
33562
6699
29473
38683
17153
2311
15629
16856
57597
12939
48150
39106
54433
23716
12003
29903
45010
12434
59602
24984
5963
11317
59233
34005
25173
20177
60780
39731
64477
25282
55228
32503
31981
19166
5651
49135
21477
21280
455
13538
34219
48605
52644
23117
6785
64648
53020
51795
11546
47086
11243
17510
58404
4940
51515
18041
25118
46760
57772
24059
6506
47464
56563
38488
1094
62214
22087
22571
17958
22542
36109
52178
5611
23218
9759
12396
22330
62779
64192
33876
44330
9899
51386
37198
14840
37366
55239
39958
18590
47475
64017
25096
29403
55044
63584
30498
51722
20135
53069
4145
42677
23643
56323
48288
46861
546
60685
3655
63325
59341
37531
42119
3704
23382
13781
18544
60748
3484
58502
13802
50959
56984
38898
14827
46492
36947
45325
32679
57082
32858
36824
34224
56501
27611
16976
37826
28157
12125
41481
25946
5930
13477
2530
9635
36859
16311
28179
32071
19796
21146
45873
5219
12594
19235
20046
59086
56182
65371
26229
47729
32694
63053
16417
23659
25128
33393
61486
53285
45519
37431
13696
51449
50908
16226
61084
22231
32537
23728
54302
52333
44874
34639
57553
57468
53875
12063
51018
44521
11899
11712
26714
44593
9229
43131
2716
34358
10989
64202
22107
56508
36098
35803
42421
21470
52029
37970
43702
19031
61698
32468
5828
41036
1572
63381
32968
55447
9909
18450
34432
21808
30162
61147
865
39392
38742
3581
8214
49731
2248
30321
40703
38346
589
17589
59816
52618
55559
37982
6113
51721
4915
11942
27221
6487
9787
60189
61934
19696
13103
30830
41504
43266
26441
42369
17122
65184
45951
25336
49379
48199
55657
24547
21009
56246
42136
15289
43329
32159
53272
49442
18344
58187
61384
45565
64674
5636
40218
61072
25332
53321
26366
1301
31051
52808
43670
48173
52456
24085
7973
36299
6748
63631
60846
27757
54341
37446
43047
32134
4069
30783
16041
22413
23434
11889
2442
22572
17525
42660
18108
42858
30446
44474
44159
61497
31746
22293
44135
18666